              precision    recall  f1-score   support

           0       0.98      0.99      0.99       980
           1       0.99      0.99      0.99      1135
           2       0.98      0.97      0.98      1032
           3       0.96      0.98      0.97      1010
           4       0.98      0.99      0.98       982
           5       0.98      0.96      0.97       892
           6       0.98      0.98      0.98       958
           7       0.97      0.98      0.97      1028
           8       0.96      0.98      0.97       974
           9       0.99      0.95      0.97      1009

   micro avg       0.98      0.98      0.98     10000
   macro avg       0.98      0.98      0.98     10000
weighted avg       0.98      0.98      0.98     10000


lenet-2 accuracy: 0.97660