              precision    recall  f1-score   support

           0       0.98      0.99      0.98       980
           1       0.98      0.99      0.98      1135
           2       0.96      0.96      0.96      1032
           3       0.96      0.95      0.95      1010
           4       0.96      0.95      0.96       982
           5       0.94      0.96      0.95       892
           6       0.97      0.97      0.97       958
           7       0.97      0.96      0.96      1028
           8       0.96      0.95      0.96       974
           9       0.95      0.94      0.95      1009

   micro avg       0.96      0.96      0.96     10000
   macro avg       0.96      0.96      0.96     10000
weighted avg       0.96      0.96      0.96     10000


lenet accuracy: 0.96260