              precision    recall  f1-score   support

           0       0.92      0.97      0.95       980
           1       0.94      0.97      0.96      1135
           2       0.91      0.85      0.88      1032
           3       0.88      0.89      0.88      1010
           4       0.89      0.92      0.90       982
           5       0.88      0.83      0.85       892
           6       0.91      0.92      0.92       958
           7       0.91      0.90      0.90      1028
           8       0.85      0.87      0.86       974
           9       0.88      0.86      0.87      1009

   micro avg       0.90      0.90      0.90     10000
   macro avg       0.90      0.90      0.90     10000
weighted avg       0.90      0.90      0.90     10000


simple accuracy: 0.89940